date,volume,open,high,low,close,ma5,ma10,ma20,ma30,pe,market_capital,chg,percent,turnoverrate,amount,volume_post,amount_post,timestamp
20180115,3412232,11.7014,11.7114,11.3625,11.4123,11.7313,12.0811,12.2561,12.3861,35.6995,5470038682.2,-0.3287,-2.8,0.95,39259338.14,,,1515945600000
20180116,8670472,11.4223,11.4223,11.0934,11.1532,11.5878,11.9555,12.1748,12.3047,34.8889,5345828196.84,-0.2591,-2.27,2.5,97083007.87,,,1516032000000
20180117,6097639,11.1931,11.4522,10.894,11.3725,11.51,11.8379,12.1066,12.2569,35.5748,5450929376.76,0.2197,1.97,1.75,68042664.5,,,1516118400000
20180118,2921128,11.3525,11.3625,11.1731,11.223,11.3805,11.7153,12.0428,12.2217,35.1071,5379269481.36,-0.149,-1.31,0.84,32968162.12,,,1516204800000
20180119,4049971,11.203,11.512,11.0535,11.2728,11.2868,11.5907,11.9889,12.1928,35.263,5403156113.16,0.0494,0.44,1.17,45653129.62,,,1516291200000
20180122,3314387,11.1632,11.4522,11.0735,11.3226,11.2688,11.5,11.9346,12.1585,35.4189,5427042744.96,0.0496,0.44,0.95,37617964.32,,,1516550400000
20180123,2679600,11.3027,11.4024,11.1931,11.3326,11.3047,11.4462,11.8923,12.111,35.4501,5431820071.32,0.0102,0.09,0.76,30293502.0,,,1516636800000
20180124,3360696,11.2728,11.4323,11.1632,11.3525,11.3007,11.4054,11.8404,12.0725,35.5124,5441374724.04,0.0204,0.18,0.96,38139813.36,,,1516723200000
20180125,3968020,11.3525,11.502,11.2329,11.3426,11.3246,11.3525,11.7906,12.03,35.4813,5436597397.68,-0.0102,-0.09,1.14,45367307.46,,,1516809600000
20180126,6782626,11.3426,11.7811,11.3127,11.7114,11.4123,11.3495,11.7657,11.9987,36.6349,5613358473.0,0.3686,3.25,1.94,78991797.68,,,1516896000000
20180129,5314894,11.9506,11.9605,11.6017,11.7313,11.4941,11.3815,11.7313,11.9645,36.6972,5622913125.72,0.0199,0.17,1.53,62790402.1,,,1517155200000
20180130,2860448,11.7413,11.8409,11.5618,11.5917,11.5459,11.4253,11.6904,11.925,36.2607,5556030556.68,-0.1396,-1.19,0.81,33559003.24,,,1517241600000
20180131,3149400,11.5618,11.5917,11.1233,11.1831,11.512,11.4064,11.6221,11.8732,34.9824,5360160175.92,-0.4092,-3.53,0.9,35793437.53,,,1517328000000
20180201,6036103,11.1731,11.3426,10.2661,10.3857,11.3206,11.3226,11.519,11.8027,32.4881,4977974067.12,-0.7974,-7.13,1.72,64824942.87,,,1517414400000
20180202,4678544,10.4655,10.615,10.1465,10.3857,11.0555,11.2339,11.4123,11.7373,32.4881,4977974067.12,0.0,0.0,1.34,48770116.2,,,1517500800000
20180205,5734037,10.2462,11.1233,10.1764,10.9738,10.904,11.199,11.3495,11.6894,34.3276,5259836322.36,0.5878,5.66,1.65,61859218.86,,,1517760000000
20180206,4213002,10.8741,10.904,10.2661,10.5253,10.6907,11.1183,11.2823,11.6343,32.9246,5044856636.16,-0.4488,-4.09,1.19,44731212.26,,,1517846400000
20180207,3032765,10.6648,10.8143,10.1465,10.4057,10.5352,11.0236,11.2145,11.5682,32.5505,4987528719.84,-0.12,-1.14,0.87,31781139.86,,,1517932800000
20180208,2448500,10.2861,10.5452,10.2861,10.4854,10.5552,10.9379,11.1452,11.5064,32.7999,5025747330.72,0.0801,0.77,0.7,25704676.87,,,1518019200000
20180209,3720801,10.2362,10.3658,9.8674,10.1266,10.5034,10.7794,11.0645,11.4369,31.6775,4853763581.76,-0.3586,-3.42,1.07,37798955.93,,,1518105600000
20180212,1647101,10.316,10.3957,10.1665,10.3459,10.3778,10.6409,11.0112,11.3678,32.3634,4958864761.68,0.2197,2.17,0.47,17015550.31,,,1518364800000
20180213,2557401,10.3459,10.5851,10.3459,10.4655,10.3658,10.5283,10.9768,11.303,32.7375,5016192678.0,0.12,1.16,0.74,26927271.4,,,1518451200000
20180214,1942102,10.5452,10.6648,10.4754,10.6249,10.4097,10.4724,10.9394,11.2389,33.2364,5092629899.76,0.1591,1.52,0.55,20640695.27,,,1518537600000
20180222,1173931,10.6748,10.7744,10.6449,10.6947,10.4515,10.5033,10.913,11.1804,33.4546,5126071184.28,0.0701,0.66,0.32,12614945.41,,,1519228800000
20180223,1316200,10.6349,10.7146,10.5253,10.6847,10.5631,10.5333,10.8836,11.1193,33.4235,5121293857.92,-0.0096,-0.09,0.38,14037721.0,,,1519315200000
20180226,3577840,10.6548,11.0336,10.615,11.0137,10.6967,10.5372,10.8681,11.0788,34.4524,5278945627.8,0.3291,3.08,1.02,38857760.17,,,1519574400000
20180227,6946202,11.0336,11.6316,10.8841,11.4622,10.896,10.6309,10.8746,11.0652,35.8554,5493925314.0,0.4483,4.07,2.0,79105238.91,,,1519660800000
20180228,11352037,11.3127,12.2097,11.223,11.9506,11.1612,10.7854,10.9045,11.0715,37.3832,5728014305.64,0.4883,4.26,3.27,135450502.87,,,1519747200000
20180301,9191042,11.7811,12.5685,11.7811,12.4689,11.516,10.9838,10.9608,11.0914,39.0044,5976435276.36,0.5186,4.34,2.58,112972584.41,,,1519833600000
20180302,11459810,12.3692,13.0669,12.3193,12.3193,11.8429,11.203,10.9912,11.1107,38.5368,5904775380.96,-0.1496,-1.2,3.28,145803689.69,,,1519920000000
20180305,5455858,12.3193,12.6483,12.2595,12.6283,12.1659,11.4313,11.0361,11.1512,39.5033,6052872498.12,0.3092,2.51,1.55,67999306.36,,,1520179200000
20180306,6643805,12.7579,12.7579,12.0702,12.2595,12.3253,11.6107,11.0695,11.1881,38.3497,5876111422.8,-0.3687,-2.92,1.9,82628459.46,,,1520265600000
20180307,5538658,12.3991,12.4091,12.0104,12.0104,12.3373,11.7492,11.1108,11.2093,37.5702,5756678263.8,-0.2489,-2.03,1.59,67652691.45,,,1520352000000
20180308,5487483,12.0702,12.439,12.0502,12.1898,12.2815,11.8987,11.201,11.2416,38.1314,5842670138.28,0.179,1.49,1.58,67673477.32,,,1520438400000
20180309,5659429,12.2994,12.6184,12.1798,12.429,12.3034,12.0732,11.3032,11.2801,43.8037,6711793941.6,0.2389,1.96,1.63,70543946.71,,,1520524800000
20180312,10755445,12.738,13.017,12.6582,12.9572,12.3692,12.2675,11.4024,11.3346,45.6654,6997058640.0,0.5282,4.25,3.07,138928278.98,,,1520784000000
20180313,6525164,12.8576,12.9373,12.6682,12.728,12.4629,12.3941,11.5125,11.3811,44.8575,6873264525.6,-0.2293,-1.77,1.87,83600904.4,,,1520870400000
20180314,6352239,12.8576,13.027,12.4888,12.4988,12.5606,12.4489,11.6172,11.4193,44.0496,6749470411.2,-0.2291,-1.8,1.82,81275856.65,,,1520956800000
20180315,5396000,12.419,12.419,12.0502,12.2496,12.5725,12.427,11.7054,11.4496,43.1714,6614911591.2,-0.2487,-1.99,1.55,65771652.53,,,1521043200000
20180316,6898672,12.1599,12.9572,12.1399,12.4788,12.5825,12.4429,11.823,11.4751,43.9793,6738705705.6,0.2291,1.87,1.98,86940434.04,,,1521129600000
20180319,4819062,12.3293,12.6084,12.1599,12.1898,12.429,12.3991,11.9152,11.4904,42.9606,6582617474.4,-0.2895,-2.32,1.33,59844458.56,,,1521388800000
20180320,4156070,12.1499,12.3293,12.0602,12.2595,12.3353,12.3991,12.0049,11.5127,43.2065,6620293944.0,0.0695,0.57,1.19,50782982.79,,,1521475200000
20180321,28467347,12.9572,13.4855,12.5984,13.1865,12.4728,12.5167,12.133,11.5795,46.4733,7120852754.4,0.9268,7.56,8.16,382664015.44,,,1521561600000
20180322,21993108,12.4589,12.7579,12.0702,12.2994,12.4828,12.5277,12.2132,11.6432,43.347,6641823355.2,-0.8875,-6.73,6.3,274560440.96,,,1521648000000
20180323,17941024,11.4821,11.5519,11.0735,11.0735,12.2017,12.3921,12.2326,11.6662,39.0264,5979793960.8,-1.2263,-9.97,5.16,202472081.59,,,1521734400000
20180326,8862085,10.6648,11.3824,10.6648,11.3625,12.0363,12.2326,12.2501,11.6791,40.0451,6135882192.0,0.289,2.61,2.52,98396277.12,,,1521993600000
20180327,7846018,11.522,11.821,11.4622,11.7014,11.9247,12.13,12.262,11.7183,41.2394,6318882187.2,0.3386,2.98,2.24,91666863.9,,,1522080000000
20180328,4793153,11.4921,11.6615,11.4622,11.5618,11.5997,12.0363,12.2426,11.7569,40.7476,6243529248.0,-0.1392,-1.19,1.38,55544260.78,,,1522166400000
20180329,5735603,11.7413,11.9406,11.5917,11.8011,11.5001,11.9914,12.2092,11.8007,41.5906,6372705715.2,0.2393,2.07,1.64,67896077.41,,,1522252800000
20180330,6838751,11.7811,12.0901,11.7811,12.0602,11.6974,11.9496,12.1963,11.8652,42.504,6512646888.0,0.2596,2.2,1.92,82280491.07,,,1522339200000
20180402,7672987,12.0602,12.4091,11.811,12.11,11.8469,11.9416,12.1703,11.924,35.8398,6539558652.0,0.0494,0.41,2.21,92919441.82,,,1522598400000
20180403,4318304,11.9406,11.9406,11.6715,11.831,11.8728,11.8987,12.1489,11.9695,35.0138,6388852773.6,-0.2785,-2.3,1.23,51052288.28,,,1522684800000
20180404,5171634,11.8609,11.9805,11.7313,11.8609,11.9326,11.7662,12.1414,12.0107,35.1023,6404999832.0,0.0296,0.25,1.47,61511451.02,,,1522771200000
20180409,3058542,11.7811,11.9406,11.5319,11.9406,11.9605,11.7303,12.129,12.0522,35.3383,6448058654.4,0.0795,0.67,0.86,36199393.86,,,1523203200000
20180410,2722705,11.9605,12.0502,11.7213,11.9306,11.9346,11.816,12.1041,12.0938,35.3088,6442676301.6,-0.0096,-0.08,0.78,32479456.87,,,1523289600000
20180411,3301050,11.9306,12.0004,11.8609,11.9506,11.9027,11.8748,12.0537,12.125,35.3678,6453441007.2,0.0203,0.17,0.95,39560045.99,,,1523376000000
20180412,4109808,11.9506,11.9506,11.6216,11.6416,11.8649,11.8688,11.9994,12.131,34.4534,6286588070.4,-0.3095,-2.59,1.17,48469562.28,,,1523462400000
20180413,3495857,11.7413,11.8409,11.5618,11.7612,11.8449,11.8888,11.9625,12.1247,34.8073,6351176304.0,0.1199,1.03,0.99,41077770.02,,,1523548800000
20180416,7816231,11.9605,12.12,11.8509,12.0303,11.8629,11.9117,11.9516,12.11,35.6038,6496499829.6,0.2693,2.29,2.23,94123747.14,,,1523808000000
20180417,5557093,12.0502,12.1001,11.502,11.6117,11.7991,11.8668,11.9082,12.0865,34.3649,6270441012.0,-0.4187,-3.48,1.6,65741056.81,,,1523894400000
20180418,6597209,11.7114,11.811,11.3824,11.7612,11.7612,11.832,11.8868,12.0575,34.8073,6351176304.0,0.1498,1.29,1.89,76741509.67,,,1523980800000
20180419,11313338,11.7612,12.3293,11.6815,12.2296,11.8788,11.8718,11.8853,12.0566,36.1937,6604146885.6,0.4681,3.98,3.25,137874530.54,,,1524067200000
20180420,6267253,12.2296,12.4091,12.0104,12.0502,11.9366,11.8908,11.8285,12.0579,35.6628,6507264535.2,-0.1798,-1.47,1.8,76486041.1,,,1524153600000
20180423,5603698,12.0502,12.3592,11.821,12.0602,11.9426,11.9027,11.8165,12.0536,35.6923,6512646888.0,0.0096,0.08,1.6,67949833.31,,,1524412800000
20180424,6302542,12.12,12.3592,11.9805,12.3592,12.0921,11.9456,11.8808,12.0512,36.5772,6674117472.0,0.2991,2.48,1.77,77290343.98,,,1524499200000
20180425,6126135,12.1997,12.5187,12.1997,12.4589,12.2316,11.9964,11.9356,12.0346,36.8722,6727941000.0,0.1001,0.81,1.72,75945813.97,,,1524585600000
20180426,4865323,12.3393,12.4489,12.0203,12.2795,12.2416,12.0602,11.9645,12.0197,36.3412,6631058649.6,-0.1794,-1.44,1.37,59507597.55,,,1524672000000
20180427,3345143,12.2894,12.3692,12.13,12.2296,12.2775,12.107,11.9979,12.0107,36.1937,6604146885.6,-0.0503,-0.41,0.96,41110041.61,,,1524758400000
20180502,4443991,12.3193,12.3193,11.9107,12.0901,12.2835,12.113,12.0124,12.0054,35.7808,6528793946.4,-0.1394,-1.14,1.25,53965042.36,,,1525190400000
20180503,4168100,11.9107,12.1798,11.7811,12.13,12.2376,12.1648,12.0159,11.9938,35.8987,6550323357.6,0.0399,0.33,1.2,50252990.86,,,1525276800000
20180504,3246874,12.1001,12.1997,11.9904,12.0004,12.1459,12.1888,12.0104,11.9874,35.5153,6480352771.2,-0.1298,-1.07,0.92,39448823.25,,,1525363200000
20180507,5522646,11.9805,12.2496,11.6615,12.2496,12.1399,12.1908,12.0313,11.9871,36.2527,6614911591.2,0.2496,2.08,1.56,66920981.28,,,1525622400000
20180508,5818019,12.2496,12.439,12.1599,12.2994,12.1539,12.2157,12.0532,11.9575,36.4002,6641823355.2,0.0502,0.41,1.67,71743312.46,,,1525708800000
20180509,3475531,12.2894,12.3393,12.1599,12.2496,12.1858,12.2346,12.0687,11.9559,36.2527,6614911591.2,-0.0504,-0.41,0.99,42668384.44,,,1525795200000
20180510,6423632,12.2496,12.5486,12.1997,12.5187,12.2635,12.2506,12.0981,12.0041,37.0492,6760235116.8,0.2695,2.2,1.82,80186681.71,,,1525881600000
20180511,6470191,12.5386,12.5885,11.8708,11.9007,12.2436,12.1948,12.0956,12.022,35.2203,6426529243.2,-0.6184,-4.94,1.83,79197735.8,,,1525968000000
20180514,5914285,11.9107,12.0702,11.5718,11.7213,12.1379,12.1389,12.0996,12.0227,34.6893,6329646892.8,-0.1797,-1.51,1.69,70109677.73,,,1526227200000
20180515,4050495,11.7213,11.811,11.5917,11.7612,12.0303,12.0921,12.0996,12.0293,34.8073,6351176304.0,0.0399,0.34,1.17,47574069.11,,,1526313600000
20180516,10628015,11.6914,11.7114,11.1233,11.1731,11.815,12.0004,12.0567,12.0084,33.067,6033617488.8,-0.5881,-5.0,3.06,120503454.04,,,1526400000000
20180517,2739989,11.1233,11.2529,11.1034,11.1632,11.5439,11.9037,12.0343,11.9785,33.0375,6028235136.0,-0.0101,-0.09,0.78,30733389.81,,,1526486400000
20180518,3551287,11.1731,11.4323,11.1233,11.3127,11.4263,11.835,12.0119,11.9519,33.4799,6108970428.0,0.1496,1.34,1.02,40381466.29,,,1526572800000
20180521,3201600,11.4422,11.512,11.2927,11.4522,11.3725,11.7552,11.973,11.9393,33.8929,6184323367.2,0.1392,1.23,0.92,36729098.11,,,1526832000000
20180522,3517116,11.4622,11.512,11.1931,11.3027,11.2808,11.6555,11.9356,11.9207,33.4504,6103588075.2,-0.15,-1.31,1.01,39943046.07,,,1526918400000
20180523,3252141,11.3326,11.4024,11.2728,11.3027,11.3067,11.5609,11.8977,11.8994,33.4504,6103588075.2,0.0,0.0,0.93,36985354.39,,,1527004800000
20180524,3497829,11.2728,11.3525,11.0336,11.1034,11.2947,11.4193,11.8349,11.8718,32.8605,5995941019.2,-0.1989,-1.76,1.0,39036322.22,,,1527091200000
20180525,4507654,11.1133,11.1731,10.8043,11.1731,11.2668,11.3466,11.7707,11.8459,33.067,6033617488.8,0.0699,0.63,1.29,49575003.75,,,1527177600000
20180528,2604628,11.0834,11.1831,10.894,10.9838,11.1731,11.2728,11.7059,11.824,32.5065,5931352785.6,-0.1888,-1.69,0.75,28840412.04,,,1527436800000
20180529,3194056,10.9738,11.1133,10.7844,10.8143,11.0755,11.1781,11.6351,11.7924,32.005,5839852788.0,-0.1691,-1.54,0.91,35014000.4,,,1527523200000
20180530,3115295,10.6648,10.6648,10.3359,10.3558,10.8861,11.0964,11.5484,11.7366,30.6482,5592264559.2,-0.4585,-4.24,0.9,32805418.98,,,1527609600000
20180531,2193740,10.5053,10.5751,10.3259,10.5751,10.7804,11.0376,11.4706,11.702,31.2971,5710676320.8,0.2195,2.12,0.57,23001923.96,,,1527696000000
20180601,2811978,10.4455,10.605,10.306,10.4156,10.6289,10.9479,11.3914,11.6572,30.8251,5624558676.0,-0.1597,-1.51,0.79,29497093.46,,,1527782400000
20180604,5417759,10.2163,10.3558,9.8973,9.9472,10.4216,10.7974,11.2763,11.5811,29.4387,5371588094.4,-0.4687,-4.5,1.56,54363331.99,,,1528041600000
20180605,2770683,9.9472,10.1964,9.9173,10.1864,10.296,10.6857,11.1706,11.519,30.1467,5500764561.6,0.2387,2.4,0.8,28062265.05,,,1528128000000
20180606,2540233,10.1864,10.4455,10.1864,10.3558,10.296,10.5911,11.076,11.4622,30.6482,5592264559.2,0.1691,1.66,0.73,26329564.36,,,1528214400000
20180607,1974301,10.3558,10.5153,10.2661,10.3957,10.2601,10.5203,10.9698,11.3967,30.7661,5613793970.4,0.0394,0.38,0.54,20561561.46,,,1528300800000
20180608,1902441,10.4555,10.4555,10.0967,10.306,10.2382,10.4336,10.8901,11.325,30.5007,5565352795.2,-0.0894,-0.86,0.53,19561113.85,,,1528387200000
20180611,2325471,10.3558,10.3558,10.0767,10.1365,10.2761,10.3488,10.8108,11.2535,29.9992,5473852797.6,-0.169,-1.64,0.66,23694280.35,,,1528646400000
20180612,2335506,10.0668,10.2462,9.9073,10.2263,10.2841,10.29,10.7341,11.1868,30.2647,5522293972.8,0.0892,0.88,0.66,23660193.96,,,1528732800000
20180613,2652552,10.2263,10.2462,9.987,10.0568,10.2243,10.2601,10.6783,11.119,29.7632,5430793975.2,-0.1698,-1.66,0.75,26846319.54,,,1528819200000
20180614,1971526,10.0767,10.1465,9.9372,10.0369,10.1525,10.2063,10.622,11.0492,29.7042,5420029269.6,-0.0201,-0.2,0.56,19827206.0,,,1528905600000
20180615,2411000,10.0369,10.0369,9.8276,9.9571,10.0827,10.1605,10.5542,10.9811,29.4682,5376970447.2,-0.0793,-0.79,0.66,23929822.98,,,1528992000000
20180619,3953426,9.7777,9.7877,8.9604,9.1398,9.8834,10.0797,10.4386,10.8774,27.0494,4935617517.6,-0.8175,-8.21,1.07,36628698.03,,,1529337600000
20180620,3127322,9.0601,9.2993,8.8707,9.2594,9.69,9.987,10.3364,10.7761,27.4034,5000205751.2,0.1197,1.31,0.89,28520030.86,,,1529424000000
20180621,2053961,9.2395,9.2594,8.9305,9.0003,9.4787,9.8515,10.2213,10.6678,26.6365,4860264578.4,-0.2593,-2.8,0.57,18669413.91,,,1529510400000
20180622,1055900,8.9804,9.1398,8.7611,9.0501,9.2813,9.7169,10.1186,10.5522,26.7839,4887176342.4,0.0495,0.55,0.3,9558872.0,,,1529596800000
20180625,1392925,9.1099,9.1697,8.8608,8.9006,9.07,9.5764,10.005,10.4522,26.3415,4806441050.4,-0.1493,-1.65,0.39,12574500.5,,,1529856000000
20180626,1841522,8.8707,9.0501,8.6714,9.0202,9.0461,9.4648,9.9068,10.3621,26.6955,4871029284.0,0.1193,1.34,0.53,16512582.0,,,1529942400000
20180627,2393296,9.08,9.09,8.801,8.8309,8.9604,9.3252,9.8076,10.2645,26.135,4768764580.8,-0.1894,-2.1,0.69,21410879.84,,,1530028800000
20180628,1872990,8.8508,9.0402,8.7312,8.9405,8.9485,9.2136,9.7369,10.19,26.4595,4827970461.6,0.1095,1.24,0.54,16863435.1,,,1530115200000
20180629,2297659,8.9405,9.2196,8.8807,9.1797,8.9744,9.1279,9.6671,10.1239,27.1674,4957146928.8,0.2396,2.68,0.65,20990163.2,,,1530201600000
20180702,3569766,9.0701,9.5385,8.9505,9.1299,9.0202,9.0451,9.6028,10.0512,16.3318,4930235164.8,-0.0496,-0.54,0.81,33070002.56,,,1530460800000
20180703,2036955,9.1199,9.2694,8.9903,9.2495,9.0661,9.0561,9.5679,9.9777,16.5457,4994823398.4,0.1196,1.31,0.46,18685120.58,,,1530547200000
20180704,1705600,9.2196,9.2694,9.0103,9.0501,9.1099,9.0352,9.5111,9.9027,16.1891,4887176342.4,-0.1998,-2.16,0.39,15571274.0,,,1530633600000
20180705,1544274,9.0003,9.1598,8.8907,8.8907,9.1,9.0242,9.4378,9.8223,15.9039,4801058697.6,-0.1593,-1.76,0.34,13957475.09,,,1530720000000
20180706,3701309,8.8707,8.9604,8.3923,8.9006,9.0442,9.0093,9.3631,9.7488,15.9217,4806441050.4,0.0098,0.11,0.79,32335764.31,,,1530806400000
20180709,2038477,8.8408,9.0701,8.7711,9.0701,9.0322,9.0262,9.3013,9.6787,16.2248,4897941048.0,0.1691,1.9,0.44,18281411.89,,,1531065600000
20180710,1112082,9.07,9.09,8.96,9.04,8.9903,9.0282,9.2465,9.6139,16.1178,4865646931.2,-0.03,-0.33,0.25,10031323.32,,,1531152000000
20180711,1662735,8.95,8.95,8.71,8.8,8.9403,9.0251,9.1752,9.5468,15.6899,4736470464.0,-0.24,-2.65,0.37,14636675.06,,,1531238400000
20180712,2172455,8.79,9.1,8.75,9.03,8.9681,9.0341,9.1238,9.5026,16.1,4860264578.4,0.23,2.61,0.49,19580995.93,,,1531324800000
20180713,3342802,9.03,9.41,9.03,9.29,9.046,9.0451,9.0865,9.4598,16.5636,5000205751.2,0.26,2.88,0.75,30887259.46,,,1531411200000
20180716,7741274,9.66,10.22,9.66,10.01,9.234,9.1331,9.0891,9.4462,17.8473,5387735152.8,0.72,7.75,1.75,77542448.29,,,1531670400000
20180717,5490010,9.86,9.95,9.57,9.78,9.382,9.1862,9.1211,9.4407,17.4372,5263941038.4,-0.23,-2.3,1.24,53557473.02,,,1531756800000
20180718,3273491,9.8,9.92,9.65,9.71,9.564,9.2521,9.1437,9.4248,17.3124,5226264568.8,-0.07,-0.72,0.72,32029316.11,,,1531843200000
20180719,3337831,9.7,9.71,9.41,9.46,9.65,9.3091,9.1666,9.3949,16.8667,5091705748.8,-0.25,-2.57,0.75,31788069.87,,,1531929600000
20180720,2846500,9.39,9.68,9.39,9.65,9.722,9.384,9.1966,9.3701,17.2054,5193970452.0,0.19,2.01,0.64,27208805.13,,,1532016000000
20180723,2913008,9.66,9.79,9.51,9.74,9.668,9.451,9.2386,9.3512,17.3659,5242411627.2,0.09,0.93,0.65,28222314.62,,,1532275200000
20180724,4752206,9.79,9.97,9.66,9.93,9.698,9.54,9.2841,9.3443,17.7047,5344676330.4,0.19,1.95,1.07,46793989.62,,,1532361600000
20180725,4366326,9.94,9.94,9.62,9.69,9.694,9.629,9.3271,9.3264,17.2767,5215499863.2,-0.24,-2.42,0.98,42518462.27,,,1532448000000
20180726,2902465,9.72,9.72,9.42,9.54,9.71,9.68,9.357,9.3092,17.0093,5134764571.2,-0.15,-1.55,0.65,27745509.2,,,1532534400000
20180727,2456500,9.54,9.62,9.44,9.45,9.67,9.696,9.3705,9.2897,16.8488,5086323396.0,-0.09,-0.94,0.55,23354153.7,,,1532620800000
20180730,2811057,9.5,9.55,9.13,9.2,9.562,9.615,9.3741,9.2644,16.4031,4951764576.0,-0.25,-2.65,0.63,26226009.06,,,1532880000000
20180731,1753000,9.15,9.34,9.15,9.27,9.43,9.564,9.3751,9.2688,16.5279,4989441045.6,0.07,0.76,0.38,16244479.0,,,1532966400000
20180801,2283600,9.34,9.59,9.22,9.24,9.34,9.517,9.3846,9.2681,16.4744,4973293987.2,-0.03,-0.32,0.51,21515094.82,,,1533052800000
20180802,4237901,9.01,9.19,8.65,8.98,9.228,9.469,9.389,9.2674,16.0109,4833352814.4,-0.26,-2.81,0.95,37555343.67,,,1533139200000
20180803,2029167,8.9,8.91,8.72,8.82,9.102,9.386,9.385,9.2598,15.7256,4747235169.6,-0.16,-1.78,0.44,17847477.89,,,1533225600000
20180806,2259400,8.8,8.8,8.51,8.58,8.978,9.27,9.3605,9.2491,15.2977,4618058702.4,-0.24,-2.72,0.51,19529521.0,,,1533484800000
20180807,2343432,8.66,8.79,8.46,8.78,8.88,9.155,9.3475,9.2411,15.6543,4725705758.4,0.2,2.33,0.53,20254908.08,,,1533571200000
20180808,1723942,8.78,8.84,8.51,8.58,8.748,9.044,9.3365,9.2327,15.2977,4618058702.4,-0.2,-2.28,0.39,14963731.58,,,1533657600000
20180809,2490188,8.52,8.87,8.51,8.82,8.716,8.972,9.326,9.2287,15.7256,4747235169.6,0.24,2.8,0.56,21837032.68,,,1533744000000
20180810,2128771,8.8,9.01,8.75,8.96,8.744,8.923,9.3095,9.2214,15.9752,4822588108.8,0.14,1.59,0.48,18859833.67,,,1533830400000
20180813,3391800,8.97,9.14,8.9,9.09,8.846,8.912,9.2635,9.22,16.207,4892558695.2,0.13,1.45,0.76,30563873.94,,,1534089600000
20180814,1918032,9.08,9.08,8.92,8.97,8.884,8.882,9.223,9.2107,15.993,4827970461.6,-0.12,-1.32,0.43,17230155.56,,,1534176000000
20180815,1617610,8.93,9.01,8.79,8.81,8.93,8.839,9.178,9.2027,15.7078,4741852816.8,-0.16,-1.78,0.36,14371384.1,,,1534262400000
20180816,1285416,8.72,8.86,8.65,8.74,8.914,8.815,9.142,9.1977,15.5829,4704176347.2,-0.07,-0.79,0.29,11252888.36,,,1534348800000
20180817,1410410,8.76,8.87,8.65,8.65,8.852,8.798,9.092,9.1893,15.4225,4655735172.0,-0.09,-1.03,0.31,12352753.9,,,1534435200000
20180820,1662327,8.62,8.8,8.58,8.8,8.794,8.82,9.045,9.1803,15.6899,4736470464.0,0.15,1.73,0.37,14450319.15,,,1534694400000
20180821,1518406,8.82,8.94,8.73,8.87,8.774,8.829,8.992,9.1747,15.8147,4774146933.6,0.07,0.8,0.34,13456530.16,,,1534780800000
20180822,1300749,8.88,8.88,8.73,8.8,8.772,8.851,8.9475,9.1747,15.6899,4736470464.0,-0.07,-0.79,0.29,11451504.47,,,1534867200000
20180823,2161219,8.76,8.99,8.76,8.99,8.822,8.868,8.92,9.1733,16.0287,4838735167.2,0.19,2.16,0.47,19206097.22,,,1534953600000
20180824,2576919,8.97,9.12,8.91,9.1,8.912,8.882,8.9025,9.167,16.2248,4897941048.0,0.11,1.22,0.57,23265228.74,,,1535040000000
20180827,5794269,9.1,9.27,8.96,9.24,9.0,8.897,8.9045,9.1413,16.4744,4973293987.2,0.14,1.54,1.4,52831536.11,,,1535299200000
20180828,3271273,9.15,9.21,9.06,9.1,9.046,8.91,8.896,9.1187,16.2248,4897941048.0,-0.14,-1.52,0.79,29838896.38,,,1535385600000
20180829,2428315,9.12,9.15,8.94,9.04,9.094,8.933,8.886,9.0963,16.1178,4865646931.2,-0.06,-0.66,0.59,21911637.73,,,1535472000000
20180830,2087257,9.05,9.08,8.81,8.81,9.058,8.94,8.8775,9.0747,15.7078,4741852816.8,-0.23,-2.54,0.5,18639860.72,,,1535558400000
20180831,3457700,8.79,8.94,8.59,8.59,8.956,8.934,8.866,9.0393,15.3155,4623441055.2,-0.22,-2.5,0.82,30300134.04,,,1535644800000
20180903,2877900,8.58,8.84,8.53,8.81,8.87,8.935,8.8775,9.0083,15.7078,4741852816.8,0.22,2.56,0.7,24876899.3,,,1535904000000
20180904,1836900,8.82,8.94,8.77,8.9,8.83,8.938,8.8835,8.974,15.8682,4790293992.0,0.09,1.02,0.45,16291005.34,,,1535990400000
20180905,2002434,8.82,8.95,8.69,8.77,8.776,8.935,8.893,8.9433,15.6364,4720323405.6,-0.13,-1.46,0.48,17698867.45,,,1536076800000
20180906,1753700,8.77,8.92,8.65,8.67,8.748,8.903,8.8855,8.9143,15.4581,4666499877.6,-0.1,-1.14,0.42,15381643.3,,,1536163200000
20180907,2343093,8.64,8.8,8.53,8.59,8.748,8.852,8.867,8.8857,15.3155,4623441055.2,-0.08,-0.92,0.57,20255240.77,,,1536249600000
20180910,2348319,8.67,8.67,8.5,8.53,8.692,8.781,8.839,8.8633,15.2085,4591146938.4,-0.06,-0.7,0.57,20079655.5,,,1536508800000
20180911,1581773,8.52,8.61,8.43,8.53,8.618,8.724,8.817,8.8387,15.2085,4591146938.4,0.0,0.0,0.38,13441747.5,,,1536595200000
20180912,1366100,8.57,8.6,8.48,8.59,8.582,8.679,8.806,8.817,15.3155,4623441055.2,0.06,0.7,0.33,11674838.0,,,1536681600000
20180913,1646253,8.64,8.66,8.55,8.66,8.58,8.664,8.802,8.8063,15.4403,4661117524.8,0.07,0.81,0.39,14167734.46,,,1536768000000
20180914,1931983,8.64,8.74,8.59,8.6,8.582,8.665,8.7995,8.799,15.3333,4628823408.0,-0.06,-0.69,0.47,16731842.51,,,1536854400000
20180917,2314084,8.58,8.6,8.43,8.57,8.59,8.641,8.788,8.7987,15.2798,4612676349.6,-0.03,-0.35,0.56,19667184.31,,,1537113600000
20180918,2516673,8.55,8.68,8.47,8.68,8.62,8.619,8.7785,8.7953,15.476,4671882230.4,0.11,1.28,0.59,21603519.24,,,1537200000000
20180919,3038303,8.62,8.81,8.61,8.73,8.648,8.615,8.775,8.8003,15.5651,4698793994.4,0.05,0.58,0.73,26466722.47,,,1537286400000
20180920,1719000,8.71,8.73,8.61,8.66,8.648,8.614,8.7585,8.795,15.4403,4661117524.8,-0.07,-0.8,0.41,14894655.28,,,1537372800000
20180921,2817512,8.66,8.84,8.65,8.8,8.688,8.635,8.7435,8.7897,15.6899,4736470464.0,0.14,1.62,0.68,24642334.32,,,1537459200000
20180925,2290677,8.74,8.74,8.61,8.7,8.714,8.652,8.7165,8.7767,15.5116,4682646936.0,-0.1,-1.14,0.55,19856223.87,,,1537804800000
20180926,1920192,8.65,8.76,8.64,8.7,8.718,8.669,8.6965,8.7677,15.5116,4682646936.0,0.0,0.0,0.46,16708656.56,,,1537891200000
20180927,2518152,8.71,8.74,8.58,8.72,8.716,8.682,8.6805,8.7647,15.5473,4693411641.6,0.02,0.23,0.6,21793674.45,,,1537977600000
20180928,1804108,8.7,8.73,8.6,8.69,8.722,8.685,8.6745,8.763,15.4938,4677264583.2,-0.03,-0.34,0.43,15654885.8,,,1538064000000
20181008,4570573,8.41,8.58,8.34,8.58,8.678,8.683,8.674,8.7607,14.6189,4618058702.4,-0.11,-1.27,1.03,38601686.71,,,1538928000000
20181009,2241908,8.48,8.53,8.36,8.36,8.61,8.662,8.6515,8.746,14.2441,4499646940.8,-0.22,-2.56,0.47,18940001.44,,,1539014400000
20181010,1595858,8.43,8.5,8.33,8.38,8.546,8.632,8.6255,8.7297,14.2782,4510411646.4,0.02,0.24,0.39,13395779.67,,,1539100800000
20181011,4055424,8.05,8.1,7.62,7.69,8.34,8.528,8.5715,8.6927,13.1025,4139029303.2,-0.69,-8.23,0.98,31888552.13,,,1539187200000
20181012,2433990,7.68,7.88,7.45,7.78,8.158,8.44,8.527,8.6523,13.2559,4187470478.4,0.09,1.17,0.58,18754389.44,,,1539273600000
20181015,2278925,7.68,7.85,7.6,7.7,7.982,8.33,8.4825,8.6057,13.1196,4144411656.0,-0.08,-1.03,0.55,17570768.87,,,1539532800000
20181016,1507901,7.69,7.78,7.48,7.51,7.812,8.211,8.4315,8.548,12.7958,4042146952.8,-0.19,-2.47,0.35,11510575.69,,,1539619200000
20181017,3032603,7.51,7.64,7.26,7.51,7.638,8.092,8.3805,8.495,12.7958,4042146952.8,0.0,0.0,0.73,22471015.76,,,1539705600000
20181018,2356446,7.49,7.51,7.28,7.44,7.588,7.964,8.323,8.4417,12.6766,4004470483.2,-0.07,-0.93,0.57,17397890.32,,,1539792000000
20181019,2074870,7.4,7.57,7.21,7.56,7.544,7.851,8.268,8.4,12.881,4069058716.8,0.12,1.61,0.5,15515409.6,,,1539878400000
20181022,2483990,7.58,7.95,7.58,7.85,7.574,7.778,8.2305,8.3753,13.3751,4225146948.0,0.29,3.84,0.6,19396297.63,,,1540137600000
20181023,1786230,7.8,7.93,7.58,7.6,7.592,7.702,8.182,8.335,12.9492,4090588128.0,-0.25,-3.18,0.43,13809208.39,,,1540224000000
20181024,3954765,7.61,7.68,7.56,7.6,7.61,7.624,8.128,8.2917,12.9492,4090588128.0,0.0,0.0,0.96,30070438.36,,,1540310400000
20181025,3434258,7.4,7.67,7.3,7.67,7.656,7.622,8.075,8.255,13.0684,4128264597.6,0.07,0.92,0.81,25429032.46,,,1540396800000
20181026,2691081,7.65,7.75,7.62,7.75,7.694,7.619,8.0295,8.2243,13.2048,4171323420.0,0.08,1.04,0.62,20672144.44,,,1540483200000
20181029,3682381,7.7,8.18,7.62,7.69,7.662,7.618,7.974,8.1943,13.1025,4139029303.2,-0.06,-0.77,0.88,28838703.38,,,1540742400000
20181030,3511133,7.9,7.9,7.44,7.86,7.714,7.653,7.932,8.172,13.3922,4230529300.8,0.17,2.21,0.82,27078080.48,,,1540828800000
20181031,2955932,7.78,7.9,7.76,7.86,7.766,7.688,7.89,8.1497,13.3922,4230529300.8,0.0,0.0,0.7,23168402.24,,,1540915200000
20181101,6733348,8.17,8.35,7.93,7.94,7.82,7.738,7.851,8.128,13.5285,4273588123.2,0.08,1.02,1.63,54210736.41,,,1541001600000
20181102,4833382,8.05,8.14,7.96,8.09,7.888,7.791,7.821,8.109,13.7841,4354323415.2,0.15,1.89,1.16,38889758.49,,,1541088000000
20181105,3797531,8.06,8.13,7.96,8.05,7.96,7.811,7.7945,8.0907,13.7159,4332794004.0,-0.04,-0.49,0.91,30537694.38,,,1541347200000
20181106,5376884,8.01,8.06,7.76,8.05,7.998,7.856,7.779,8.0733,13.7159,4332794004.0,0.0,0.0,1.29,42543369.69,,,1541433600000
20181107,4469050,8.1,8.17,7.97,8.05,8.036,7.901,7.7625,8.0523,13.7159,4332794004.0,0.0,0.0,1.08,36162213.78,,,1541520000000
20181108,3068027,8.08,8.14,8.0,8.0,8.048,7.934,7.778,8.028,13.6307,4305882240.0,-0.05,-0.62,0.74,24726927.03,,,1541606400000
20181109,1772400,8.0,8.09,7.95,7.96,8.022,7.955,7.787,8.0047,13.5626,4284352828.8,-0.04,-0.5,0.42,14181093.98,,,1541692800000
20181112,3888163,7.95,8.15,7.94,8.14,8.04,8.0,7.809,7.9827,13.8692,4381235179.2,0.18,2.26,0.94,31444142.39,,,1541952000000
20181113,4907228,8.07,8.28,8.0,8.24,8.078,8.038,7.8455,7.9673,14.0396,4435058707.2,0.1,1.23,1.18,40166923.56,,,1542038400000
20181114,3737729,8.22,8.31,8.18,8.22,8.112,8.074,7.881,7.9513,14.0056,4424294001.6,-0.02,-0.24,0.9,30842833.08,,,1542124800000
20181115,6017063,8.2,8.49,8.16,8.44,8.2,8.124,7.931,7.942,14.3804,4542705763.2,0.22,2.68,1.43,50415361.91,,,1542211200000
20181116,6195946,8.4,8.71,8.35,8.58,8.324,8.173,7.982,7.9383,14.6189,4618058702.4,0.14,1.66,1.5,52853727.08,,,1542297600000
20181119,11163283,8.7,9.06,8.66,8.77,8.45,8.245,8.028,7.9447,14.9427,4720323405.6,0.19,2.21,2.67,98772242.12,,,1542556800000
20181120,5765991,8.68,8.83,8.56,8.7,8.542,8.31,8.083,7.956,14.8234,4682646936.0,-0.07,-0.8,1.38,50034769.7,,,1542643200000
20181121,5876513,8.58,8.88,8.46,8.75,8.648,8.38,8.1405,7.9683,14.9086,4709558700.0,0.05,0.57,1.42,50952412.08,,,1542729600000
20181122,3887052,8.71,8.82,8.5,8.6,8.68,8.44,8.187,7.9987,14.653,4628823408.0,-0.15,-1.71,0.93,33534760.96,,,1542816000000
20181123,4861378,8.56,8.71,8.21,8.27,8.618,8.471,8.213,8.015,14.0907,4451205765.6,-0.33,-3.84,1.18,40709059.72,,,1542902400000
20181126,2905800,8.11,8.41,8.11,8.29,8.522,8.486,8.243,8.0347,14.1248,4461970471.2,0.02,0.24,0.69,24029762.97,,,1543161600000
20181127,2495652,8.35,8.42,8.2,8.31,8.444,8.493,8.2655,8.0613,14.1589,4472735176.8,0.02,0.24,0.6,20813431.58,,,1543248000000
20181128,2858645,8.32,8.41,8.14,8.4,8.374,8.511,8.2925,8.091,14.3122,4521176352.0,0.09,1.08,0.68,23678569.7,,,1543334400000
20181129,3529400,8.48,8.48,8.14,8.25,8.304,8.492,8.308,8.118,14.0567,4440441060.0,-0.15,-1.79,0.83,29322682.8,,,1543420800000
20181130,2045884,8.21,8.25,8.05,8.23,8.296,8.457,8.315,8.1403,14.0226,4429676354.4,-0.02,-0.24,0.49,16675952.48,,,1543507200000
20181203,19406891,8.61,9.05,8.5,8.94,8.426,8.474,8.3595,8.1767,15.2323,4811823403.2,0.71,8.63,4.58,171351785.01,,,1543766400000
20181204,9232100,8.99,9.04,8.81,8.86,8.536,8.49,8.4,8.2187,15.096,4768764580.8,-0.08,-0.89,2.04,82300422.42,,,1543852800000
20181205,11698559,8.71,9.23,8.71,8.97,8.65,8.512,8.446,8.2643,15.2834,4827970461.6,0.11,1.24,2.79,104955885.59,,,1543939200000
20181206,6567598,8.8,8.94,8.72,8.75,8.75,8.527,8.4835,8.3003,14.9086,4709558700.0,-0.22,-2.45,1.54,57823303.5,,,1544025600000
20181207,5730800,8.78,8.9,8.61,8.78,8.86,8.578,8.5245,8.3347,14.9597,4725705758.4,0.03,0.34,1.36,50052546.16,,,1544112000000
20181210,4567000,8.68,8.75,8.42,8.47,8.766,8.596,8.541,8.3607,14.4315,4558852821.6,-0.31,-3.53,1.1,39051542.32,,,1544371200000
20181211,3409900,8.6,8.6,8.34,8.46,8.686,8.611,8.552,8.3807,14.4145,4553470468.8,-0.01,-0.12,0.82,28809736.0,,,1544457600000
20181212,3433089,8.51,8.54,8.36,8.46,8.584,8.617,8.564,8.4007,14.4145,4553470468.8,0.0,0.0,0.83,28951409.6,,,1544544000000
20181213,4440983,8.46,8.6,8.41,8.47,8.528,8.639,8.5655,8.4183,14.4315,4558852821.6,0.01,0.12,1.05,37795442.86,,,1544630400000
20181214,5403781,8.47,8.53,8.24,8.36,8.444,8.652,8.5545,8.4273,14.2441,4499646940.8,-0.11,-1.3,1.29,45352605.51,,,1544716800000
20181217,3361219,8.37,8.37,8.11,8.3,8.41,8.588,8.531,8.4357,14.1419,4467352824.0,-0.06,-0.72,0.8,27613182.24,,,1544976000000
20181218,2471200,8.28,8.32,8.13,8.25,8.368,8.527,8.5085,8.4423,14.0567,4440441060.0,-0.05,-0.6,0.59,20320450.0,,,1545062400000
20181219,2037119,8.3,8.31,8.17,8.2,8.316,8.45,8.481,8.4473,13.9715,4413529296.0,-0.05,-0.61,0.48,16770283.44,,,1545148800000
20181220,2693603,8.21,8.26,8.12,8.18,8.258,8.393,8.46,8.4533,13.9374,4402764590.4,-0.02,-0.24,0.62,21994154.36,,,1545235200000
20181221,7274200,8.06,8.08,7.71,7.88,8.162,8.303,8.4405,8.4507,13.4263,4241294006.4,-0.3,-3.67,1.75,57380323.0,,,1545321600000
20181224,2845714,7.83,7.95,7.78,7.86,8.074,8.242,8.419,8.4413,13.3922,4230529300.8,-0.02,-0.25,0.66,22309960.82,,,1545580800000
20181225,4464167,7.73,7.8,7.41,7.68,7.96,8.164,8.3875,8.4227,13.0855,4133646950.4,-0.18,-2.29,1.07,33878956.93,,,1545667200000
20181226,4133643,7.68,7.72,7.49,7.65,7.85,8.083,8.35,8.4037,13.0344,4117499892.0,-0.03,-0.39,0.93,31247361.23,,,1545753600000
20181227,5126827,7.68,7.72,7.51,7.63,7.74,7.999,8.319,8.3767,13.0003,4106735186.4,-0.02,-0.26,1.18,39045371.82,,,1545840000000
20181228,3566100,7.57,7.66,7.48,7.66,7.696,7.929,8.2905,8.346,13.0514,4122882244.8,0.03,0.39,0.77,26982691.3,,,1545926400000
20190102,2162967,7.65,7.66,7.53,7.62,7.648,7.861,8.2245,8.3077,28.5011,4101352833.6,-0.04,-0.52,0.49,16427143.0,,,1546358400000
20190103,3858484,7.6,7.65,7.54,7.62,7.636,7.798,8.1625,8.2717,28.5011,4101352833.6,0.0,0.0,0.88,29334789.0,,,1546444800000
20190104,6644577,7.62,7.93,7.6,7.91,7.688,7.769,8.1095,8.2437,29.5858,4257441064.8,0.29,3.81,1.6,51947950.0,,,1546531200000
20190107,6659750,7.96,8.03,7.87,7.99,7.76,7.75,8.0715,8.2233,29.885,4300499887.2,0.08,1.01,1.61,52987720.0,,,1546790400000
20190108,5932316,8.02,8.03,7.79,7.8,7.788,7.742,8.0225,8.2077,29.1744,4198235184.0,-0.19,-2.38,1.42,46652429.0,,,1546876800000
20190109,7173215,7.81,7.96,7.74,7.9,7.844,7.746,7.994,8.1947,29.5484,4252058712.0,0.1,1.28,1.71,56376052.0,,,1546963200000
20190110,4412032,7.9,7.96,7.83,7.89,7.898,7.767,7.9655,8.1807,29.511,4246676359.2,-0.01,-0.13,1.06,34763587.0,,,1547049600000
20190111,5118501,7.86,7.98,7.82,7.96,7.908,7.798,7.9405,8.166,29.7728,4284352828.8,0.07,0.89,1.22,40480728.0,,,1547136000000
20190114,4867500,7.9,7.96,7.77,7.8,7.87,7.815,7.907,8.151,29.1744,4198235184.0,-0.16,-2.01,1.17,38188020.0,,,1547395200000
20190115,12577702,7.8,8.29,7.79,8.16,7.942,7.865,7.897,8.1487,30.5209,4391999884.8,0.36,4.62,3.03,101372056.0,,,1547481600000
20190116,26740247,8.16,8.69,8.06,8.49,8.06,7.952,7.9065,8.1337,31.7552,4569617527.2,0.33,4.04,6.46,225005286.0,,,1547568000000
20190117,13818501,8.39,8.61,8.17,8.21,8.124,8.011,7.9045,8.112,30.7079,4418911648.8,-0.28,-3.3,3.33,114991995.0,,,1547654400000
20190118,8644568,8.16,8.28,8.13,8.22,8.176,8.042,7.9055,8.087,30.7453,4424294001.6,0.01,0.12,2.07,70953807.0,,,1547740800000
20190121,6499600,8.2,8.31,8.11,8.17,8.25,8.06,7.905,8.0677,30.5583,4397382237.6,-0.05,-0.61,1.56,53322443.0,,,1548000000000
20190122,4875583,8.13,8.23,7.98,8.03,8.224,8.083,7.9125,8.0427,30.0346,4322029298.4,-0.14,-1.71,1.18,39374054.0,,,1548086400000
20190123,6182318,8.02,8.05,7.78,7.92,8.11,8.085,7.9155,8.0243,29.6232,4262823417.6,-0.11,-1.37,1.48,48980596.0,,,1548172800000
20190124,5802300,8.0,8.09,7.95,8.06,8.08,8.102,7.9345,8.011,30.1468,4338176356.8,0.14,1.77,1.37,46578856.0,,,1548259200000
20190125,7088472,8.08,8.11,7.9,7.91,8.018,8.097,7.9475,7.9927,29.5858,4257441064.8,-0.15,-1.86,1.71,56778883.0,,,1548345600000
20190128,4338701,7.9,8.01,7.81,7.83,7.95,8.1,7.9575,7.9713,29.2866,4214382242.4,-0.08,-1.01,1.03,34346588.0,,,1548604800000
20190129,7861215,7.83,7.88,7.43,7.57,7.858,8.041,7.953,7.945,28.3141,4074441069.6,-0.26,-3.32,1.9,59594953.0,,,1548691200000
20190130,3751202,7.51,7.59,7.45,7.45,7.764,7.937,7.9445,7.9167,27.8653,4009852836.0,-0.12,-1.59,0.89,28245847.0,,,1548777600000
20190131,13913800,7.29,7.29,6.71,7.02,7.556,7.818,7.9145,7.8757,26.2569,3778411665.6,-0.43,-5.77,3.35,96518864.0,,,1548864000000
20190201,8598901,7.08,7.45,6.92,7.43,7.46,7.739,7.8905,7.85,27.7904,3999088130.4,0.41,5.84,2.07,62353724.0,,,1548950400000
20190211,7051601,7.38,7.59,7.38,7.54,7.402,7.676,7.868,7.8287,28.2019,4058294011.2,0.11,1.48,1.71,52921462.0,,,1549814400000
20190212,5581523,7.59,7.67,7.55,7.61,7.41,7.634,7.8585,7.8197,28.4637,4095970480.8,0.07,0.93,1.34,42399777.0,,,1549900800000
20190213,7589502,7.59,7.88,7.53,7.8,7.48,7.622,7.8535,7.8177,29.1744,4198235184.0,0.19,2.5,1.83,58704382.0,,,1549987200000
20190214,8685100,7.89,7.94,7.67,7.79,7.634,7.595,7.8485,7.8213,29.137,4192852831.2,-0.01,-0.13,2.07,67454581.0,,,1550073600000
20190215,8251851,7.8,7.96,7.73,7.87,7.722,7.591,7.844,7.8287,29.4362,4235911653.6,0.08,1.03,1.98,64887324.0,,,1550160000000
20190218,11650553,7.99,8.18,7.95,8.13,7.84,7.621,7.8605,7.8453,30.4087,4375852826.4,0.26,3.3,2.8,94253949.0,,,1550419200000
20190219,12066874,8.18,8.48,8.0,8.14,7.946,7.678,7.8595,7.8613,30.4461,4381235179.2,0.01,0.12,2.91,99161226.0,,,1550505600000
20190220,7805000,8.14,8.18,7.99,8.08,8.002,7.741,7.839,7.8767,30.2216,4348941062.4,-0.06,-0.74,1.86,62912839.0,,,1550592000000
20190221,22611937,8.04,8.65,8.04,8.26,8.096,7.865,7.8415,7.898,30.8949,4445823412.8,0.18,2.23,5.48,189370777.0,,,1550678400000
20190222,11214900,8.25,8.41,8.1,8.38,8.198,7.96,7.8495,7.9137,31.3437,4510411646.4,0.12,1.45,2.7,92821651.0,,,1550764800000
20190225,23276655,8.58,9.05,8.42,8.98,8.368,8.104,7.89,7.9467,33.5879,4833352814.4,0.6,7.16,5.6,202691595.0,,,1551024000000
20190226,40286610,8.98,9.88,8.69,9.65,8.67,8.308,7.971,8.0083,36.0939,5193970452.0,0.67,7.46,9.74,376434946.0,,,1551110400000
20190227,32343555,9.76,10.34,9.18,9.44,8.942,8.472,8.047,8.0597,35.3085,5080941043.2,-0.21,-2.18,7.81,314760064.0,,,1551196800000
20190228,40011771,9.98,10.38,9.33,10.17,9.324,8.71,8.1525,8.1357,38.0389,5473852797.6,0.73,7.73,9.68,396070396.0,,,1551283200000
20190301,16454622,10.2,10.2,9.78,10.14,9.676,8.937,8.264,8.2083,37.9267,5457705739.2,-0.03,-0.29,3.87,164122010.0,,,1551369600000
20190304,23974892,10.2,10.54,9.9,10.01,9.882,9.125,8.373,8.282,37.4404,5387735152.8,-0.13,-1.28,5.78,242703065.0,,,1551628800000
20190305,20294479,10.0,10.2,9.73,10.17,9.986,9.328,8.503,8.349,38.0389,5473852797.6,0.16,1.6,4.88,201981008.0,,,1551715200000
20190306,19812119,10.3,10.38,9.9,10.22,10.142,9.542,8.6415,8.4067,38.2259,5500764561.6,0.05,0.49,4.77,200080072.0,,,1551801600000
20190307,20665415,10.14,10.22,9.87,10.07,10.122,9.723,8.794,8.4687,37.6648,5420029269.6,-0.15,-1.47,4.96,207108941.0,,,1551888000000
20190308,19998484,9.7,9.86,9.24,9.37,9.968,9.822,8.891,8.507,35.0466,5043264573.6,-0.7,-6.95,4.84,192408585.0,,,1551974400000
20190311,16608116,9.5,9.95,9.35,9.95,9.956,9.919,9.0115,8.5663,37.216,5355441036.0,0.58,6.19,3.93,160135107.0,,,1552233600000
20190312,20710095,10.05,10.35,9.77,9.99,9.92,9.953,9.1305,8.6317,37.3656,5376970447.2,0.04,0.4,4.42,207884265.0,,,1552320000000
20190313,30759963,9.97,10.72,9.7,10.26,9.928,10.035,9.2535,8.7097,38.3755,5522293972.8,0.27,2.7,6.58,312512568.0,,,1552406400000
20190314,31180250,10.01,10.67,10.0,10.37,9.988,10.055,9.3825,8.7867,38.7869,5581499853.6,0.11,1.07,6.68,324247201.0,,,1552492800000
20190315,27365747,10.3,10.9,10.21,10.76,10.266,10.117,9.527,8.8817,40.2456,5791411612.8,0.39,3.76,5.84,290192377.0,,,1552579200000
20190318,17222274,10.8,10.85,10.38,10.64,10.404,10.18,9.6525,8.9753,39.7968,5726823379.2,-0.12,-1.12,3.68,181640448.0,,,1552838400000
20190319,11794811,10.6,10.63,10.32,10.44,10.494,10.207,9.7675,9.071,39.0488,5619176323.2,-0.2,-1.88,2.53,123271346.0,,,1552924800000
20190320,25129675,10.1,10.27,9.75,10.03,10.448,10.188,9.865,9.157,37.5152,5398499858.4,-0.41,-3.93,5.4,249924435.0,,,1553011200000
20190321,14676450,9.91,10.1,9.91,10.03,10.38,10.184,9.9535,9.2573,37.5152,5398499858.4,0.0,0.0,3.16,146718359.0,,,1553097600000
20190322,9969284,10.01,10.05,9.71,9.84,10.196,10.231,10.0265,9.3377,36.8046,5296235155.2,-0.19,-1.89,2.13,98034061.0,,,1553184000000
20190325,9059411,9.68,9.97,9.6,9.81,10.03,10.217,10.068,9.4133,36.6924,5280088096.8,-0.03,-0.3,1.95,89290080.0,,,1553443200000
20190326,9043146,9.83,9.89,9.44,9.54,9.85,10.172,10.0625,9.4777,35.6825,5134764571.2,-0.27,-2.75,1.93,87259270.0,,,1553529600000
20190327,5589323,9.6,9.8,9.48,9.65,9.774,10.111,10.073,9.5393,36.0939,5193970452.0,0.11,1.15,1.2,53713217.0,,,1553616000000
20190328,6004526,9.59,9.68,9.29,9.43,9.654,10.017,10.036,9.594,35.271,5075558690.4,-0.22,-2.28,1.28,57130582.0,,,1553702400000
20190329,7664087,9.4,9.63,9.25,9.62,9.61,9.903,10.01,9.6523,35.9817,5177823393.6,0.19,2.01,1.63,72636398.0,,,1553788800000
20190401,9623587,9.68,9.93,9.63,9.88,9.624,9.827,10.0035,9.7107,26.5187,5317764566.4,0.26,2.7,2.06,94318204.0,,,1554048000000
20190402,10436995,9.93,9.96,9.71,9.87,9.69,9.77,9.9885,9.7683,26.4919,5312382213.6,-0.01,-0.1,2.25,102820758.0,,,1554134400000
20190403,6972538,9.83,9.92,9.75,9.91,9.742,9.758,9.973,9.8293,26.5992,5333911624.8,0.04,0.41,1.47,68606892.0,,,1554220800000
20190404,7942562,9.94,9.95,9.74,9.86,9.828,9.741,9.9625,9.8827,26.465,5306999860.8,-0.05,-0.5,1.7,78146533.0,,,1554307200000
20190408,8493386,9.91,9.94,9.44,9.53,9.81,9.71,9.9705,9.921,25.5793,5129382218.4,-0.33,-3.35,1.81,82312274.0,,,1554652800000
20190409,6688644,9.5,9.7,9.43,9.69,9.772,9.698,9.9575,9.9447,26.0087,5215499863.2,0.16,1.68,1.44,63930562.0,,,1554739200000
20190410,7661762,9.56,9.63,9.48,9.55,9.708,9.699,9.9355,9.9413,25.633,5140146924.0,-0.14,-1.44,1.59,73075239.0,,,1554825600000
20190411,9509936,9.67,9.78,9.3,9.34,9.594,9.668,9.8895,9.938,25.0693,5027117515.2,-0.21,-2.2,2.04,90303074.0,,,1554912000000
20190412,4815011,9.32,9.43,9.26,9.39,9.5,9.664,9.8405,9.912,25.2035,5054029279.2,0.05,0.54,1.04,44961619.0,,,1554998400000
20190415,9798370,9.47,9.72,9.38,9.45,9.484,9.647,9.775,9.889,25.3646,5086323396.0,0.06,0.64,2.09,93612130.0,,,1555257600000
20190416,7089985,9.45,9.6,9.27,9.6,9.466,9.619,9.723,9.8753,25.7672,5167058688.0,0.15,1.59,1.52,67081849.0,,,1555344000000
20190417,10483813,9.58,9.84,9.52,9.73,9.502,9.605,9.6875,9.8607,26.1161,5237029274.4,0.13,1.35,2.25,101811061.0,,,1555430400000
20190418,6346787,9.72,9.79,9.59,9.61,9.556,9.575,9.6665,9.8403,25.794,5172441040.8,-0.12,-1.23,1.37,61521661.0,,,1555516800000
20190419,6237326,9.6,9.68,9.41,9.67,9.612,9.556,9.6485,9.827,25.9551,5204735157.6,0.06,0.62,1.33,59543757.0,,,1555603200000
20190422,11199247,9.7,9.87,9.54,9.86,9.694,9.589,9.6495,9.8433,26.465,5306999860.8,0.19,1.96,2.39,109345358.0,,,1555862400000
20190423,14383468,9.79,10.06,9.75,9.88,9.75,9.608,9.653,9.841,26.5187,5317764566.4,0.02,0.2,3.08,143112386.0,,,1555948800000
20190424,8779802,9.91,10.0,9.59,9.85,9.774,9.638,9.6685,9.8363,26.4382,5301617508.0,-0.03,-0.3,1.87,86067798.0,,,1556035200000
20190425,9247862,9.85,9.94,9.42,9.44,9.74,9.648,9.658,9.809,25.3377,5080941043.2,-0.41,-4.16,1.98,89650015.0,,,1556121600000
20190426,8743839,9.21,9.23,8.86,9.03,9.612,9.612,9.638,9.7643,24.2372,4860264578.4,-0.41,-4.34,1.88,79158198.0,,,1556208000000
20190429,8127106,8.83,9.02,8.62,8.62,9.364,9.529,9.588,9.693,23.1368,4639588113.6,-0.41,-4.54,1.74,71183679.0,,,1556467200000
20190430,4048904,8.62,8.84,8.61,8.74,9.136,9.443,9.531,9.6297,23.4589,4704176347.2,0.12,1.39,0.87,35334445.0,,,1556553600000
20190506,10406878,8.48,8.54,8.0,8.3,8.826,9.3,9.4525,9.5583,22.2779,4467352824.0,-0.44,-5.03,2.24,86977836.0,,,1557072000000
20190507,3733202,8.27,8.49,8.26,8.44,8.626,9.183,9.379,9.5053,22.6536,4542705763.2,0.14,1.69,0.8,31374048.0,,,1557158400000
20190508,4038152,8.24,8.69,8.21,8.49,8.518,9.065,9.3105,9.454,22.7878,4569617527.2,0.05,0.59,0.87,34457300.0,,,1557244800000
20190509,4064736,8.4,8.71,8.4,8.6,8.514,8.939,9.264,9.4127,23.0831,4628823408.0,0.11,1.3,0.88,34867692.0,,,1557331200000
20190510,6184011,8.62,8.94,8.53,8.93,8.552,8.844,9.226,9.3833,23.9688,4806441050.4,0.33,3.84,1.33,54148196.0,,,1557417600000
20190513,3726633,8.81,8.87,8.63,8.69,8.63,8.728,9.183,9.355,23.3247,4677264583.2,-0.24,-2.69,0.8,32546826.0,,,1557676800000
20190514,4972801,8.5,9.13,8.46,8.84,8.71,8.668,9.158,9.328,23.7273,4757999875.2,0.15,1.73,1.06,43791097.0,,,1557763200000
20190515,4887409,8.86,9.12,8.86,9.08,8.828,8.673,9.1425,9.3163,24.3714,4887176342.4,0.24,2.71,1.04,44093050.0,,,1557849600000
20190516,4680701,9.05,9.27,8.94,9.06,8.92,8.717,9.123,9.2977,24.3178,4876411636.8,-0.02,-0.22,1.01,42410885.0,,,1557936000000
20190517,3934901,9.06,9.09,8.84,8.86,8.906,8.729,9.086,9.2637,23.781,4768764580.8,-0.2,-2.21,0.84,35164328.0,,,1558022400000
20190520,2706830,8.86,9.05,8.71,8.98,8.964,8.797,9.0485,9.234,24.103,4833352814.4,0.12,1.35,0.58,24044203.0,,,1558281600000
20190521,4510301,9.06,9.15,8.9,8.99,8.994,8.852,9.0175,9.2033,24.1299,4838735167.2,0.01,0.11,0.97,40719119.0,,,1558368000000
20190522,4183697,9.05,9.05,8.75,8.88,8.954,8.891,8.978,9.1707,23.8346,4779529286.4,-0.11,-1.22,1.01,37109422.0,,,1558454400000
20190523,4420301,8.63,8.78,8.5,8.51,8.844,8.882,8.9105,9.1367,22.8415,4580382232.8,-0.37,-4.17,1.05,38202480.0,,,1558540800000
20190524,2460583,8.4,8.7,8.4,8.57,8.786,8.846,8.845,9.0993,23.0026,4612676349.6,0.06,0.71,0.59,21091012.0,,,1558627200000
20190527,2220076,8.53,8.85,8.52,8.81,8.752,8.858,8.793,9.0747,23.6467,4741852816.8,0.24,2.8,0.53,19371659.0,,,1558886400000
20190528,2218988,8.81,9.01,8.77,8.81,8.716,8.855,8.7615,9.057,23.6467,4741852816.8,0.0,0.0,0.53,19703676.0,,,1558972800000
20190529,1717432,8.76,8.86,8.75,8.8,8.7,8.827,8.75,9.0373,23.6199,4736470464.0,-0.01,-0.11,0.42,15118911.0,,,1559059200000
20190530,2239105,8.81,8.81,8.5,8.68,8.734,8.789,8.753,9.0117,23.2978,4671882230.4,-0.12,-1.36,0.54,19331895.0,,,1559145600000
20190531,2577600,8.64,8.75,8.52,8.64,8.748,8.767,8.748,8.9797,23.1905,4650352819.2,-0.04,-0.46,0.62,22253305.0,,,1559232000000
20190603,2557200,8.6,8.69,8.42,8.42,8.67,8.711,8.754,8.936,22.6,4531941057.6,-0.22,-2.55,0.61,21790812.0,,,1559491200000
20190604,1849200,8.39,8.43,8.21,8.26,8.56,8.638,8.745,8.891,22.1705,4445823412.8,-0.16,-1.9,0.45,15302704.0,,,1559577600000
20190605,1446901,8.31,8.41,8.26,8.26,8.452,8.576,8.7335,8.844,22.1705,4445823412.8,0.0,0.0,0.35,12076069.0,,,1559664000000
20190606,2088900,8.35,8.35,7.97,7.99,8.314,8.524,8.703,8.7817,21.4458,4300499887.2,-0.27,-3.27,0.5,16875711.0,,,1559750400000
20190610,1577500,7.97,8.18,7.97,8.03,8.192,8.47,8.658,8.72,21.5532,4322029298.4,0.04,0.5,0.38,12664469.0,,,1560096000000
20190611,2331000,8.04,8.35,7.95,8.3,8.168,8.419,8.6385,8.6683,22.2779,4467352824.0,0.27,3.36,0.56,19183991.0,,,1560182400000
20190612,1580000,8.31,8.34,8.19,8.2,8.156,8.358,8.6065,8.627,22.0095,4413529296.0,-0.1,-1.2,0.38,13047044.0,,,1560268800000
20190613,1539001,8.2,8.29,8.14,8.24,8.152,8.302,8.5645,8.6007,22.1168,4435058707.2,0.04,0.49,0.37,12657303.0,,,1560355200000
20190614,1740400,8.28,8.3,8.04,8.05,8.164,8.239,8.514,8.5817,21.6068,4332794004.0,-0.19,-2.31,0.42,14178985.0,,,1560441600000
20190617,1612000,8.1,8.18,8.02,8.16,8.19,8.191,8.479,8.5623,21.9021,4391999884.8,0.11,1.37,0.39,13043923.0,,,1560700800000
20190618,1216661,8.16,8.18,8.05,8.12,8.154,8.161,8.436,8.5563,21.7947,4370470473.6,-0.04,-0.49,0.29,9848316.0,,,1560787200000
20190619,2523000,8.25,8.32,8.12,8.13,8.14,8.148,8.393,8.546,21.8216,4375852826.4,0.01,0.12,0.61,20786637.0,,,1560873600000
20190620,2807687,8.16,8.3,8.04,8.29,8.15,8.151,8.3635,8.5393,22.251,4461970471.2,0.16,1.97,0.68,23054648.0,,,1560960000000
20190621,2818571,8.29,8.43,8.29,8.41,8.222,8.193,8.3585,8.533,22.5731,4526558704.8,0.12,1.45,0.67,23609673.0,,,1561046400000
20190624,2289175,8.45,8.45,8.28,8.32,8.254,8.222,8.346,8.5127,22.3315,4478117529.6,-0.09,-1.07,0.56,19069020.0,,,1561305600000
20190625,2277675,8.38,8.38,8.06,8.19,8.268,8.211,8.315,8.496,21.9826,4408146943.2,-0.13,-1.56,0.55,18601503.0,,,1561392000000
20190626,1529700,8.15,8.26,8.14,8.2,8.282,8.211,8.2845,8.4747,22.0095,4413529296.0,0.01,0.12,0.37,12556517.0,,,1561478400000
20190627,2194000,8.19,8.37,8.19,8.26,8.276,8.213,8.2575,8.4473,22.1705,4445823412.8,0.06,0.73,0.53,18164274.0,,,1561564800000
20190628,1995400,8.26,8.3,8.08,8.11,8.216,8.219,8.229,8.4157,21.7679,4365088120.8,-0.15,-1.82,0.48,16228563.0,,,1561651200000
20190701,4318000,8.3,8.36,8.15,8.27,8.206,8.23,8.2105,8.396,83.0463,4451205765.6,0.16,1.97,1.04,35699229.0,,,1561910400000
20190702,3083600,8.28,8.28,8.18,8.2,8.208,8.238,8.1995,8.37,82.3434,4413529296.0,-0.07,-0.85,0.74,25371674.0,,,1561996800000
20190703,3668502,8.19,8.19,8.01,8.04,8.176,8.229,8.1885,8.3383,80.7367,4327411651.2,-0.16,-1.95,0.89,29645505.0,,,1562083200000
20190704,2653844,8.07,8.12,7.98,8.02,8.128,8.202,8.1765,8.3097,80.5358,4316646945.6,-0.02,-0.25,0.64,21330392.0,,,1562169600000
20190705,5531092,8.01,8.04,7.81,7.88,8.082,8.149,8.171,8.2887,79.13,4241294006.4,-0.14,-1.75,1.35,43639644.0,,,1562256000000
20190708,8397982,7.93,7.93,7.33,7.46,7.92,8.063,8.1425,8.2517,74.9124,4015235188.8,-0.42,-5.33,2.04,63051656.0,,,1562515200000
20190709,3349500,7.34,7.45,7.31,7.4,7.76,7.984,8.0975,8.2047,74.3099,3982941072.0,-0.06,-0.8,0.81,24719424.0,,,1562601600000
20190710,2937550,7.42,7.5,7.38,7.4,7.632,7.904,8.0575,8.1577,74.3099,3982941072.0,0.0,0.0,0.71,21801708.0,,,1562688000000
20190711,6036111,7.43,7.8,7.4,7.69,7.566,7.847,8.03,8.1207,77.222,4139029303.2,0.29,3.92,1.43,45749224.0,,,1562774400000
20190712,7874332,7.65,7.91,7.56,7.72,7.534,7.808,8.0135,8.0887,77.5233,4155176361.6,0.03,0.39,1.91,61448926.0,,,1562860800000
20190715,5281216,7.6,7.7,7.0,7.6,7.562,7.741,7.9855,8.054,76.3182,4090588128.0,-0.12,-1.55,1.28,39560967.0,,,1563120000000
20190716,4341800,7.6,7.63,7.45,7.45,7.572,7.666,7.952,8.0217,74.8119,4009852836.0,-0.15,-1.97,1.04,32595073.0,,,1563206400000
20190717,3005092,7.5,7.54,7.38,7.44,7.58,7.606,7.9175,7.9943,74.7115,4004470483.2,-0.01,-0.13,0.73,22433602.0,,,1563292800000
20190718,4417673,7.4,7.44,7.21,7.25,7.492,7.529,7.8655,7.9607,72.8036,3902205780.0,-0.19,-2.55,1.07,32229977.0,,,1563379200000
20190719,2774614,7.26,7.43,7.26,7.33,7.414,7.474,7.8115,7.9387,73.6069,3945264602.4,0.08,1.1,0.67,20328764.0,,,1563465600000
20190722,3865031,7.38,7.42,7.11,7.15,7.324,7.443,7.753,7.9093,71.7994,3848382252.0,-0.18,-2.46,0.94,27887517.0,,,1563724800000
20190723,2281570,7.2,7.23,7.11,7.23,7.28,7.426,7.705,7.8737,72.6027,3891441074.4,0.08,1.12,0.56,16351378.0,,,1563811200000
20190724,2733551,7.25,7.36,7.21,7.32,7.256,7.418,7.661,7.8443,73.5065,3939882249.6,0.09,1.24,0.66,19957504.0,,,1563897600000
20190725,1930000,7.29,7.33,7.25,7.3,7.266,7.379,7.613,7.813,73.3057,3929117544.0,-0.02,-0.27,0.46,14069866.0,,,1563984000000
20190726,1817200,7.3,7.32,7.24,7.3,7.26,7.337,7.5725,7.788,73.3057,3929117544.0,0.0,0.0,0.44,13248217.0,,,1564070400000
20190729,1507127,7.31,7.35,7.25,7.27,7.284,7.304,7.5225,7.7583,73.0044,3912970485.6,-0.03,-0.41,0.37,10977155.0,,,1564329600000
20190730,5475101,7.27,7.49,7.25,7.48,7.334,7.307,7.4865,7.737,75.1132,4025999894.4,0.21,2.89,1.33,40232415.0,,,1564416000000
20190731,4182715,7.41,7.41,7.26,7.27,7.324,7.29,7.448,7.7083,73.0044,3912970485.6,-0.21,-2.81,1.02,30552499.0,,,1564502400000
20190801,2975428,7.21,7.24,7.11,7.17,7.298,7.282,7.4055,7.671,72.0002,3859146957.6,-0.1,-1.38,0.72,21324590.0,,,1564588800000
20190802,4022528,7.06,7.09,6.99,7.03,7.244,7.252,7.363,7.625,70.5944,3783794018.4,-0.14,-1.95,0.98,28267417.0,,,1564675200000
20190805,2642600,7.05,7.11,6.96,6.98,7.186,7.235,7.339,7.5803,70.0923,3756882254.4,-0.05,-0.71,0.64,18616612.0,,,1564934400000
20190806,4668174,6.81,6.95,6.7,6.92,7.074,7.204,7.315,7.538,69.4898,3724588137.6,-0.06,-0.86,1.14,31750505.0,,,1565020800000
20190807,2289305,6.95,7.06,6.9,6.98,7.016,7.17,7.294,7.4973,70.0923,3756882254.4,0.06,0.87,0.56,15936790.0,,,1565107200000
20190808,1927900,7.03,7.05,6.92,6.92,6.966,7.132,7.2555,7.4527,69.4898,3724588137.6,-0.06,-0.86,0.47,13466934.0,,,1565193600000
20190809,1832220,6.98,6.98,6.82,6.88,6.936,7.09,7.2135,7.4117,69.0881,3703058726.4,-0.04,-0.58,0.45,12640585.0,,,1565280000000
20190812,2334710,6.92,6.95,6.76,6.94,6.928,7.057,7.1805,7.3673,69.6906,3735352843.2,0.06,0.87,0.57,16018063.0,,,1565539200000
20190813,1216246,6.88,6.9,6.85,6.87,6.918,6.996,7.1515,7.323,68.9877,3697676373.6,-0.07,-1.01,0.3,8356806.0,,,1565625600000
20190814,1869901,6.93,7.01,6.91,6.94,6.91,6.963,7.1265,7.2863,69.6906,3735352843.2,0.07,1.02,0.45,13011134.0,,,1565712000000
20190815,4161199,6.85,7.2,6.72,7.19,6.964,6.965,7.1235,7.2587,72.2011,3869911663.2,0.25,3.6,1.01,29040445.0,,,1565798400000
20190816,8729906,7.16,7.42,7.12,7.42,7.072,7.004,7.128,7.2433,74.5107,3993705777.6,0.23,3.2,2.12,63408063.0,,,1565884800000
20190819,10613095,7.41,7.49,7.26,7.45,7.174,7.051,7.143,7.243,74.8119,4009852836.0,0.03,0.4,2.58,78177258.0,,,1566144000000
20190820,6576826,7.43,7.47,7.29,7.31,7.262,7.09,7.147,7.24,73.4061,3934499896.8,-0.14,-1.88,1.6,48550102.0,,,1566230400000
20190821,4800194,7.33,7.4,7.27,7.34,7.342,7.126,7.148,7.238,73.7073,3950646955.2,0.03,0.41,1.17,35246763.0,,,1566316800000
20190822,3322900,7.38,7.41,7.29,7.37,7.378,7.171,7.1515,7.2273,74.0086,3966794013.6,0.03,0.41,0.81,24388738.0,,,1566403200000
20190823,7417842,7.29,7.29,7.06,7.06,7.306,7.189,7.1395,7.2053,70.8956,3799941076.8,-0.31,-4.21,1.64,53165081.0,,,1566489600000
20190826,4016077,6.92,7.05,6.85,7.0,7.216,7.195,7.126,7.1853,70.2931,3767646960.0,-0.06,-0.85,0.89,27936145.0,,,1566748800000
20190827,3381976,7.02,7.15,6.99,7.12,7.178,7.22,7.108,7.1743,71.4981,3832235193.6,0.12,1.71,0.75,24015941.0,,,1566835200000
20190828,3733300,7.13,7.17,7.01,7.1,7.13,7.236,7.0995,7.163,71.2973,3821470488.0,-0.02,-0.28,0.83,26481693.0,,,1566921600000
20190829,4047900,7.14,7.23,7.08,7.12,7.08,7.229,7.097,7.1587,71.4981,3832235193.6,0.02,0.28,0.9,28925656.0,,,1567008000000
20190830,4083026,7.14,7.19,6.93,6.96,7.06,7.183,7.0935,7.1463,69.8914,3746117548.8,-0.16,-2.25,0.9,28889655.0,,,1567094400000
20190902,3891600,6.99,7.17,6.9,7.14,7.088,7.152,7.1015,7.146,71.699,3842999899.2,0.18,2.59,0.86,27577445.0,,,1567353600000
20190903,3981500,7.18,7.2,7.04,7.13,7.09,7.134,7.112,7.1427,71.5986,3837617546.4,-0.01,-0.14,0.88,28322934.0,,,1567440000000
20190904,4499901,7.13,7.2,7.09,7.19,7.108,7.119,7.1225,7.1383,72.2011,3869911663.2,0.06,0.84,1.0,32164212.0,,,1567526400000
20190905,5669976,7.22,7.34,7.2,7.25,7.134,7.107,7.139,7.1367,72.8036,3902205780.0,0.06,0.83,1.25,41262562.0,,,1567612800000
20190906,4148285,7.28,7.38,7.22,7.27,7.196,7.128,7.1585,7.1357,73.0044,3912970485.6,0.02,0.28,0.92,30187650.0,,,1567699200000
20190909,12435562,7.3,7.71,7.29,7.66,7.3,7.194,7.1945,7.1487,76.9207,4122882244.8,0.39,5.36,2.75,93470521.0,,,1567958400000
20190910,19564881,7.72,8.18,7.72,7.85,7.444,7.267,7.2435,7.161,78.8287,4225146948.0,0.19,2.48,4.33,155392372.0,,,1568044800000
20190911,11651991,7.92,7.99,7.71,7.85,7.576,7.342,7.289,7.1803,78.8287,4225146948.0,0.0,0.0,2.58,91596087.0,,,1568131200000
20190912,7394274,7.87,7.97,7.84,7.9,7.706,7.42,7.3245,7.2047,79.3308,4252058712.0,0.05,0.64,1.64,58322741.0,,,1568217600000
20190916,6984578,7.97,8.04,7.75,7.82,7.816,7.506,7.3445,7.231,78.5274,4208999889.6,-0.08,-1.01,1.55,54741547.0,,,1568563200000
20190917,5316800,7.82,7.84,7.55,7.59,7.802,7.551,7.3515,7.2513,76.2178,4085205775.2,-0.23,-2.94,1.18,40631730.0,,,1568649600000
20190918,3939835,7.7,7.7,7.51,7.57,7.746,7.595,7.3645,7.273,76.017,4074441069.6,-0.02,-0.26,0.87,29790053.0,,,1568736000000
20190919,5380562,7.57,7.62,7.42,7.56,7.688,7.632,7.3755,7.2923,75.9166,4069058716.8,-0.01,-0.13,1.19,40538149.0,,,1568822400000
20190920,4383665,7.59,7.59,7.5,7.54,7.616,7.661,7.384,7.313,75.7157,4058294011.2,-0.02,-0.26,0.97,33059786.0,,,1568908800000
20190923,4231041,7.5,7.58,7.34,7.47,7.546,7.681,7.4045,7.3327,75.0128,4020617541.6,-0.07,-0.93,0.94,31423527.0,,,1569168000000
20190924,4065310,7.44,7.59,7.43,7.49,7.526,7.664,7.429,7.351,75.2136,4031382247.2,0.02,0.27,0.9,30525955.0,,,1569254400000
20190925,6543110,7.46,7.54,7.3,7.39,7.49,7.618,7.4425,7.3683,74.2094,3977558719.2,-0.1,-1.34,1.45,48361960.0,,,1569340800000
20190926,4549800,7.36,7.4,7.1,7.12,7.402,7.545,7.4435,7.3743,71.4981,3832235193.6,-0.27,-3.65,1.01,32862206.0,,,1569427200000
20190927,3311600,7.14,7.29,7.13,7.23,7.34,7.478,7.449,7.3757,72.6027,3891441074.4,0.11,1.54,0.73,23883291.0,,,1569513600000
20190930,1968900,7.22,7.28,7.11,7.11,7.268,7.407,7.4565,7.3653,71.3977,3826852840.8,-0.12,-1.66,0.44,14107949.0,,,1569772800000
20191008,3254700,7.1,7.18,7.0,7.1,7.19,7.358,7.4545,7.3537,71.2973,3821470488.0,-0.01,-0.14,0.72,23056942.0,,,1570464000000
20191009,2228900,7.02,7.14,6.99,7.13,7.138,7.314,7.4545,7.3477,71.5986,3837617546.4,0.03,0.42,0.49,15758726.0,,,1570550400000
20191010,2325455,7.13,7.16,7.09,7.13,7.14,7.271,7.4515,7.3407,71.599,3837617546.0,0.0,0.0,0.51,16588014.0,,,1570636800000
20191011,1827900,7.15,7.18,7.06,7.15,7.124,7.232,7.4465,7.3333,71.799,3848382252.0,0.02,0.28,0.4,13022226.0,,,1570723200000
20191014,3713953,7.2,7.26,7.16,7.23,7.148,7.208,7.4445,7.339,72.603,3891441074.0,0.08,1.12,0.82,26814944.0,,,1570982400000
20191015,2351204,7.22,7.22,7.09,7.12,7.152,7.171,7.4175,7.343,71.498,3832235194.0,-0.11,-1.52,0.52,16806095.0,,,1571068800000
20191016,4000217,7.3,7.33,7.14,7.17,7.16,7.149,7.3835,7.3447,72.0,3859146958.0,0.05,0.7,0.89,28911881.0,,,1571155200000
20191017,2577841,7.1,7.16,7.07,7.09,7.152,7.146,7.3455,7.3443,71.197,3816088135.0,-0.08,-1.12,0.57,18289599.0,,,1571241600000
20191018,2559200,7.1,7.11,6.95,7.03,7.128,7.126,7.302,7.3413,70.594,3783794018.0,-0.06,-0.85,0.57,17958663.0,,,1571328000000
20191021,2176900,7.0,7.03,6.83,6.93,7.068,7.108,7.2575,7.3403,69.59,3729970490.0,-0.1,-1.42,0.48,15000131.0,,,1571587200000
20191022,1691697,6.93,6.99,6.88,6.98,7.04,7.096,7.227,7.335,70.092,3756882254.0,0.05,0.72,0.37,11708499.0,,,1571673600000
20191023,2709900,7.14,7.14,6.92,6.93,6.992,7.076,7.195,7.3283,69.59,3729970490.0,-0.05,-0.72,0.6,19045942.0,,,1571760000000
20191024,1613102,6.91,6.99,6.86,6.92,6.958,7.055,7.163,7.3193,69.49,3724588138.0,-0.01,-0.14,0.36,11162718.0,,,1571846400000
20191025,2374100,6.91,6.95,6.85,6.91,6.934,7.031,7.1315,7.308,69.389,3719205785.0,-0.01,-0.14,0.53,16351236.0,,,1571932800000
20191028,4118201,6.94,7.04,6.84,7.03,6.954,7.011,7.1095,7.3,70.594,3783794018.0,0.12,1.74,0.91,28614112.0,,,1572192000000
20191029,10019730,6.99,7.47,6.92,7.42,7.042,7.041,7.106,7.292,74.511,3993705778.0,0.39,5.55,2.22,72081299.0,,,1572278400000
20191030,7629167,7.22,7.27,6.94,6.97,7.05,7.021,7.085,7.2627,211.162,3751499902.0,-0.45,-6.06,1.69,54103711.0,,,1572364800000
20191031,5196946,6.92,6.92,6.7,6.72,7.01,6.984,7.065,7.225,203.588,3616941082.0,-0.25,-3.59,1.15,35238282.0,,,1572451200000
20191101,2229765,6.71,6.8,6.66,6.75,6.978,6.956,7.041,7.1867,204.497,3633088140.0,0.03,0.45,0.49,15029495.0,,,1572537600000
20191104,1876900,6.76,6.77,6.7,6.75,6.922,6.938,7.023,7.151,204.497,3633088140.0,0.0,0.0,0.42,12653061.0,,,1572796800000
20191105,3131365,6.74,6.8,6.66,6.71,6.78,6.911,7.0035,7.1217,203.285,3611558729.0,-0.04,-0.59,0.69,21136828.0,,,1572883200000
20191106,4378500,6.73,6.73,6.48,6.49,6.684,6.867,6.9715,7.0857,196.62,3493146967.0,-0.22,-3.28,0.97,28693194.0,,,1572969600000
20191107,1742500,6.46,6.56,6.46,6.49,6.638,6.824,6.9395,7.05,196.62,3493146967.0,0.0,0.0,0.39,11340766.0,,,1573056000000
20191108,2507626,6.53,6.61,6.5,6.51,6.59,6.784,6.9075,7.0157,197.226,3503911673.0,0.02,0.31,0.55,16437535.0,,,1573142400000
20191111,2353535,6.51,6.51,6.26,6.26,6.492,6.707,6.859,6.9753,189.652,3369352853.0,-0.25,-3.84,0.52,14988721.0,,,1573401600000
20191112,1921401,6.3,6.34,6.18,6.28,6.406,6.593,6.817,6.935,190.258,3380117558.0,0.02,0.32,0.43,12019339.0,,,1573488000000
20191113,1445152,6.31,6.31,6.17,6.21,6.35,6.517,6.769,6.8957,188.1373,3342441088.8,-0.07,-1.11,0.32,9017129.0,,,1573574400000
20191114,1310101,6.24,6.25,6.17,6.22,6.296,6.467,6.7255,6.8657,188.4403,3347823441.6,0.01,0.16,0.29,8129272.0,,,1573660800000
20191115,1548500,6.21,6.21,6.1,6.1,6.214,6.402,6.679,6.828,184.805,3283235208.0,-0.12,-1.93,0.34,9507099.0,,,1573747200000
20191118,1622700,6.12,6.12,6.0,6.06,6.174,6.333,6.6355,6.793,183.5929,3261705796.8,-0.04,-0.66,0.36,9818246.0,,,1574006400000
20191119,2020353,6.06,6.22,6.06,6.19,6.156,6.281,6.596,6.7627,187.5314,3331676383.2,0.13,2.15,0.45,12460464.0,,,1574092800000
20191120,1932801,6.19,6.24,6.1,6.11,6.136,6.243,6.555,6.7287,185.1077,3288617560.8,-0.08,-1.29,0.43,11895555.0,,,1574179200000
20191121,3210060,6.11,6.15,6.02,6.13,6.118,6.207,6.5155,6.6953,185.7137,3299382266.4,0.02,0.33,0.71,19487590.0,,,1574265600000
20191122,2591500,6.12,6.18,6.05,6.15,6.128,6.171,6.4775,6.662,186.32,3310146972.0,0.02,0.33,0.57,15866241.0,,,1574352000000
20191125,3306301,6.13,6.25,6.1,6.23,6.162,6.168,6.4375,6.6287,188.7432,3353205794.4,0.08,1.3,0.73,20470949.0,,,1574611200000
20191126,1882601,6.27,6.27,6.13,6.13,6.15,6.153,6.373,6.5957,185.7137,3299382266.4,-0.1,-1.61,0.42,11638707.0,,,1574697600000
20191127,1421700,6.08,6.14,6.07,6.08,6.144,6.14,6.3285,6.5593,184.1989,3272470502.4,-0.05,-0.82,0.31,8672636.0,,,1574784000000
20191128,1619139,6.06,6.15,6.06,6.14,6.146,6.132,6.2995,6.5277,186.0166,3304764619.2,0.06,0.99,0.36,9881989.0,,,1574870400000
20191129,2434000,6.12,6.25,6.08,6.21,6.158,6.143,6.2725,6.5003,188.137,3342441089.0,0.07,1.14,0.54,15026835.0,,,1574956800000
20191202,2146561,6.25,6.29,6.21,6.24,6.16,6.161,6.247,6.4773,189.0462,3358588147.2,0.03,0.48,0.47,13420535.0,,,1575216000000
20191203,2017000,6.24,6.33,6.18,6.31,6.196,6.173,6.227,6.455,191.1669,3396264616.8,0.07,1.12,0.45,12660037.0,,,1575302400000
20191204,2123980,6.26,6.41,6.26,6.28,6.236,6.19,6.2165,6.4333,190.258,3380117558.4,-0.03,-0.48,0.47,13449496.0,,,1575388800000
20191205,2062059,6.28,6.39,6.28,6.39,6.286,6.216,6.2115,6.4157,193.5906,3439323439.2,0.11,1.75,0.46,13075566.0,,,1575475200000
20191206,2363900,6.35,6.38,6.29,6.35,6.314,6.236,6.2035,6.397,192.379,3417794028.0,-0.04,-0.63,0.52,14961826.0,,,1575561600000
20191209,2236201,6.34,6.34,6.26,6.31,6.328,6.244,6.206,6.373,191.1669,3396264616.8,-0.04,-0.63,0.49,14075771.0,,,1575820800000
20191210,2152980,6.31,6.37,6.21,6.31,6.328,6.262,6.2075,6.336,191.1669,3396264616.8,0.0,0.0,0.48,13519039.0,,,1575907200000
20191211,3471700,6.43,6.48,6.27,6.28,6.328,6.282,6.211,6.313,190.258,3380117558.4,-0.03,-0.48,0.77,22124809.0,,,1575993600000
20191212,2223101,6.26,6.32,6.21,6.25,6.3,6.293,6.2125,6.2973,189.3492,3363970500.0,-0.03,-0.48,0.49,13933308.0,,,1576080000000
20191213,2746700,6.36,6.36,6.21,6.3,6.29,6.302,6.2225,6.2823,190.864,3390882264.0,0.05,0.8,0.6,17238913.0,,,1576166400000
20191216,4800082,6.33,6.46,6.27,6.45,6.318,6.323,6.242,6.2723,195.4083,3471617556.0,0.15,2.38,1.05,30623470.0,,,1576425600000
20191217,3873303,6.45,6.58,6.41,6.56,6.368,6.348,6.2605,6.2673,198.7409,3530823436.8,0.11,1.71,0.86,25205742.0,,,1576512000000
20191218,3838013,6.54,6.71,6.51,6.58,6.428,6.378,6.284,6.2703,199.3468,3541588142.4,0.02,0.3,0.85,25384580.0,,,1576598400000
20191219,2167231,6.62,6.62,6.55,6.62,6.502,6.401,6.3085,6.2747,200.5586,3563117553.6,0.04,0.61,0.48,14276698.0,,,1576684800000
20191220,3369600,6.6,6.63,6.45,6.48,6.538,6.414,6.325,6.2737,196.317,3487764614.0,-0.14,-2.11,0.75,22098020.0,,,1576771200000
20191223,2337102,6.48,6.49,6.34,6.35,6.518,6.418,6.331,6.2767,192.3787,3417794028.0,-0.13,-2.01,0.52,14999876.0,,,1577030400000
20191224,2665393,6.39,6.5,6.37,6.47,6.5,6.434,6.348,6.283,196.0143,3482382261.6,0.12,1.89,0.59,17150616.0,,,1577116800000
20191225,4839560,6.54,6.67,6.44,6.47,6.478,6.453,6.3675,6.2917,196.0143,3482382261.6,0.0,0.0,1.07,31619616.0,,,1577203200000
20191226,3597792,6.47,6.57,6.43,6.54,6.462,6.482,6.3875,6.3023,198.135,3520058731.2,0.07,1.08,0.8,23326270.0,,,1577289600000
20191227,4810474,6.52,6.59,6.42,6.44,6.454,6.496,6.399,6.3137,195.1054,3466235203.2,-0.1,-1.53,1.06,31357587.0,,,1577376000000
20191230,6156834,6.41,6.55,6.29,6.5,6.484,6.501,6.412,6.3283,196.9231,3498529320.0,0.06,0.93,1.35,39637724.0,,,1577635200000
20191231,2963300,6.51,6.56,6.45,6.49,6.488,6.494,6.421,6.3383,196.6202,3493146967.2,-0.01,-0.15,0.65,19250087.0,,,1577721600000
20200102,17716250,6.52,6.59,6.47,6.49,6.492,6.485,6.4315,6.351,196.6202,3493146967.2,0.0,0.0,3.9,115293767.0,,,1577894400000
20200103,11980709,6.49,6.54,6.34,6.44,6.472,6.467,6.434,6.3613,195.1054,3466235203.2,-0.05,-0.77,2.63,77311663.0,,,1577980800000
20200106,17167999,6.49,7.08,6.49,7.08,6.6,6.527,6.4705,6.3923,214.4947,3810705782.4,0.64,9.94,3.57,120046984.0,,,1578240000000
20200107,59058003,7.3,7.79,7.24,7.79,6.858,6.671,6.5445,6.4443,236.0048,4192852831.2,0.71,10.03,13.05,445469153.0,,,1578326400000
20200108,65289868,8.47,8.47,7.65,7.76,7.112,6.8,6.617,6.4987,235.0959,4176705772.8,-0.03,-0.39,14.36,523611937.0,,,1578412800000
20200109,36718117,7.72,7.8,7.35,7.46,7.306,6.899,6.676,6.5447,226.0072,4015235188.8,-0.3,-3.87,8.01,275234761.0,,,1578499200000
20200110,24456572,7.48,7.48,7.15,7.17,7.452,6.962,6.722,6.579,217.221,3859146958.0,-0.29,-3.89,5.28,177494088.0,,,1578585600000
20200113,13850887,7.17,7.26,7.09,7.24,7.484,7.042,6.769,6.6133,219.3421,3896823427.2,0.07,0.98,3.01,99501477.0,,,1578844800000
20200114,15991249,7.21,7.4,7.2,7.21,7.368,7.113,6.807,6.6457,218.4332,3880676368.8,-0.03,-0.41,3.51,116506433.0,,,1578931200000
